321236752
498617001
1754003658
2008486473
1783670659
1146111162
1844544060
2095036715
1194111944
875117137
170686013
759225243
1236860582
150271807
678645406
1887471858
777981804
528356427
410247700
2109690229
1323792975
1049194116
1721003840
54611170
1707743472
689712180
655924608
1593008555
28184340
1908386634
1000727749
1670076504
175413102
1537691555
687748631
1869021639
12279635
1899038910
1501439058
1012842210
111740489
587025940
5644087
704692150
1029945421
1886715509
333498747
1700934399
105967105
1111304466
2141830392
574565194
817556207
93027993
1834131280
1285817572
516275393
1646048498
270434566
1253800926
1883115777
1639030137
1013312413
33086638
608657376
1954345945
2087745392
1054241830
1348884369
414663283
2068877747
1305281083
1318647448
1664141479
1545912304
159119777
428717164
1162184782
319535072
1059713501
1979355157
528499747
597770840
1249988844
1227060404
1038099376
232073882
1919152431
72663274
1160567911
1306645928
249748412
966290565
692417659
650490201
1923168354
42872750
1976797487
1487469256
643979705
479756835
1479191258
272494700
1541392732
256732949
1520368284
853741802
469987569
856983696
2060919173
429605906
407841488
135625748
2076098264
1241445384
1564542053
1324375458
127935109
522906829
1938103561
1900585342
1418955353
1322597944
2041345108
1330258066
1020532031
1704557874
124508456
762657713
1363226058
57061964
7395036
672519054
304653575
1496325919
1345592895
494988253
2132044596
293192281
1058660476
264413877
1713136504
246843942
1806904718
276399364
1964258246
1450693658
1754327349
2044721205
865433958
1425917086
1501408711
1564036665
938073959
542699252
1448010902
1968416583
1457496770
770991874
431742417
1400744810
156787072
13347846
673913412
946607047
1474989658
1751883254
708908428
614522293
1860344215
1176592029
991400754
1427023671
1497475096
1121100580
643356108
1309066557
1476782988
1564259748
2065274218
227142534
1863632060
878667734
102969000
1902827186
386388957
1566679711
1627549564
1255396370
34205668
142803214
62296725
1675554686
1505307461
1683260651
1140614040
1477761556
1367947642
1346797370
1171774808
1794958139
1742009886
276856934
269039743
807400313
1576139261
907748921
453731201
143859588
1997820961
223436646
1950601172
216651360
1569504759
627915571
8010187
1096310999
1262815166
1223477482
444383333
75233677
1118390770
1169046817
327399808
214719619
1270275790
1945753965
519527848
2011603794
1416766126
969747636
1328709064
572949056
886216484
1649770143
2138502997
216579130
30630047
408238185
1227613910
622483535
157692705
943688449
228484
1337526840
675860092
847156677
1698642790
463786310
169969864
588814059
1820630369
1854623480
837526330
903297267
1732635454
210275819
12106880
1963364445
821068821
355279432
871839122
1283709658
83564489
60161277
343601573
471096617
19373491
2052698101
445869655
498286956
1567091756
7275726
335098616
1733352864
614084201
1203700455
1612227766
188136621
653192794
1883661520
852270305
359755711
1525439581
104861464
1555738147
1842780222
955070436
635843544
1042589631
400263579
779839735
1193195538
1200529453
2145851030
973527661
681231624
1955649333
932609645
1253014928
1904749214
1243001559
1131889772
1981062779
1205653528
1786277558
208380327
336234533
256812634
1791377138
1137167978
561408653
1828020555
382032716
1524311955
421954480
1663991279
1018469366
503669646
1959157902
57820669
901546489
1683798720
563087862
1342285047
921766160
1206250185
604243598
581227715
1023169555
1210637010
640757559
578732683
1451776473
781872990
696423784
48612256
914154459
1030414035
518733579
1392480871
1773994645
1664704731
849458792
940367236
1327950754
515070381
2064926855
116544878
557955624
1388829033
750851150
1430299922
1481362453
2037471414
2142748428
1493386331
715436568
1642138900
2046052272
960064737
1930867239
314448036
865145615
710187984
1326157108
1087456568
459636783
69768176
870893672
1844255379
324373732
1040748256
1349145724
1008487854
951579616
47266737
928827281
446771864
1463815574
1681923915
1356738222
1649392324
1604660181
688738569
1829953376
977741770
1392757614
168999670
1529797345
1407789864
268881125
1589067882
1605526551
1810184463
1334751228
1167399269
295687583
1372042491
1215522276
408573805
178067656
13873208
2084541878
234846873
396745196
1908904176
199501852
1486365544
1357593881
1788450006
363736172
1030397738
582153713
478149683
2067898069
1565135388
2019920089
1385553076
1089228603
545678749
2031507413
1170777082
1369710582
1544765159
189572439
1029133926
1429080830
478370493
1345895968
1697790055
652299077
1477195742
923407985
1768641795
1216585535
1475024546
1857609106
1187163243
1791907113
1928382279
731105106
1116482102
609929556
82742572
1403285522
865046681
823519339
1402022157
451408690
2005917694
1471588956
181269510
389104389
1467107250
1112982487
1348718474
254536360
99733149
877869010
1321917390
1582484116
1797372196
1745429234
507814716
224825256
1565784853
1309685201
837903147
1465462645
1184367206
1950397379
982464735
1625308427
1555273826
178253938
239353907
878386940
560270914
1469243343
1001605776
2015580269
1649309171
2124547237
1624533200
517758224
531472646
123142341
967897507
69939294
1822992393
1738249668
119349950
182400326
904491547
1602442824
1347422890
2034056917
517976871
477769339
1413664016
1594435307
867032988
1098955040
205337263
408037382
72025905
724161502
2091260692
1486781641
1767351135
342394348
1117106916
1828371857
1872411817
623693868
1511915888
602445916
149559754
876837073
486867842
995019242
2102123649
715216011
1664574266
253267868
37161109
2109185669
1965008023
892288261
1538865545
431396767
1178300789
414502504
1918717587
2065238769
1211422070
1905101669
1448116536
54719747
2089311311
1037632334
2141127495
639224370
1643552626
1453612149
231946609
452498955
88249592
893096275
594326954
1689749841
1975191886
144631714
23545976
413122650
1594203545
593220299
1029114264
1394771052
144392105
1598745440
1255271599
158060823
194690372
130815951
1910120752
928125300
1120317422
1006533467
1830424670
525661084
1840886719
1019977206
1016408549
1398927358
1584128607
166116721
1275596713
1925882549
169986067
1785890268
329821065
1018727119
124532917
549488032
542881930
772183804
1175140391
69417276
892759634
1649003477
1181162181
1877833514
35320295
23164161
1137653357
1521069348
1849455220
1629059815
1003847447
996392639
1090321571
1885340631
1468377074
1447547472
898106090
936967202
1968871981
1583616468
1107108397
1861709861
1328463592
1140585373
1204518376
1465359147
474635196
1221028213
1004941175
1362350999
512715341
121267625
2071820201
987247569
367754175
1503077674
1844223937
798111281
564182100
229441728
1480057651
589680103
1490473528
1784974293
2068400170
1987220152
932460064
723836414
1582241275
896370417
1908134733
807723135
1602877998
1917383612
872311878
1904587292
1787048343
1730481886
1591884288
1016106908
971671115
1570722024
2104603574
1128974394
1836771405
230677434
340908254
467863304
1763513795
41526679
2012076012
1896680286
2061642471
1691069422
1058698380
850837295
615989073
1613411721
1376442280
314151642
1510664425
84066417
22802905
1531704815
50410042
621154291
891296012
741017831
1474272214
1845766729
1004861154
1971046739
576444066
1310775427
2103498636
1690115631
1562981117
471610358
2053088448
1828490284
1393693971
382184876
1031273858
2004809396
797278526
1434138995
134989386
1360629192
890289592
1978801866
921441653
261326087
1348398005
22937379
1648937072
1693537155
2080582377
1244028433
279236710
1179282553
597887473
486940561
628617955
1488149701
55989429
134694807
906452950
1700256325
1501082367
2014077907
1986455257
801951351
1660886235
1223593093
865169401
2088119136
2044928251
355931816
890158521
1054361667
643258004
1823323284
510947665
2071812104
279768199
734644284
48455160
1242376713
1416741807
605931521
1884743403
278249533
231977320
980618797
1652541061
2118189548
2061036388
1454261180
409669198
2007615175
1904777647
1587605146
1597280880
704197024
1083800769
251172232
558378098
1552819080
1658090607
542797865
1305399001
893158830
1523425719
2059988047
692330636
1412773955
725545021
82216964
2086081806
1597124484
1780436080
1092522567
142262677
1633598384
1660634999
363838504
1845927481
1817997163
322981296
20743002
287175197
1110021956
1810130094
978643186
1409273650
492545267
793521313
346885741
2077482672
1440402416
2079331683
529943022
1575544947
811563254
37734880
288348261
1322462341
192120033
2070915456
161593229
57514405
1083115365
1578369516
1025363140
1440943327
2089398039
1024095804
787205718
636498754
2038620435
686571022
1610854566
798330447
178468825
1364261785
2015579232
307650771
390353681
677630603
1102608954
209862103
923445504
796394094
1523568782
1694700039
1567505001
864508920
1209715155
480726763
1546485765
1635611493
2097582774
1726815703
2098214944
120914096
333936800
1676650587
37430585
872477662
510284277
65811336
20284572
1127695347
506595109
546227825
557139650
1210503578
1721313923
1132271288
1912202985
1920113291
603634787
222513480
166421858
1899144877
316894005
693060596
43882934
1389564749
629908728
1608184806
1904123017
1912327561
1285462422
1352199647
390174278
705860881
114062020
265610458
1667601384
1732848037
403615752
1725401486
2014249153
617761912
1429064515
884593529
1103556339
660053233
582537793
1267453195
836062218
1429823865
1830471510
425847992
347328738
1724342667
1693084584
1546498213
1093744704
907228390
1461013476
684535593
1924582246
2129866264
774300800
2086995244
1050303602
2037706666
1358042788
1153133001
1826730383
2094153377
1828748727
2112596031
1042707855
1271346965
1921408123
1964874588
1894393581
1179651547
365400005
56200924
1650787507
1868038813
1593423688
1896028467
1343185231
1937791113
671469368
68450717
2053495885
837063299
37410696
911801111
563389664
1949894260
1608297554
1610769128
673357374
5226089
561792222
1932449564
1517548999
2100588726
1368063572
1589550728
2011527950
1437606020
1402290371
1210487819
1498993179
618703996
1382506406
2002816421
59485019
329401960
1866726269
1134755019
1773178674
233199263
1519348148
1839077663
1089042737
1539893441
1109733426
2119747785
1522582911
1418864101
221976875
1394790067
1677560292
1029962589
1026310265
1846693505
1739445671
159084072
449251049
1798833137
2014973724
1327105875
1839459478
2137025719
1802091588
1471295693
1453994335
1863297644
2138127924
939559936
534662507
416482363
1017162883
70217197
1338712600
249803445
476385680
1746073018
1710512196
5819262
749043446
663324269
902846623
1447931372
1307780533
1108939978
1093254070
167243985
167884369
571197013
148823146
