Chaves
478163327
107420369
1181241943
1051802512
958682846
599310825
440213415
373399426
1812140441
136505587
127978094
402418010
939042955
999270936
113971123
854001193
1801823908
946785248
1929338154
1194819984
27911967
685731524
1815115025
1461364854
1193448329
667779376
924765563
1445662585
438989805
398340369
1631775357
415393687
1541804686
1477278577
1136108454
186618211
1973214822
536124280
1625792787
338444264
1259191105
1553210608
825873196
298737106
196814233
978815630
1242911821
342703921
999829240
433797840
1632629719
1193887545
1947382419
1566942273
698594025
1589915144
1525876051
899825838
1146660997
306671447
735034881
1051454923
701808367
1985392498
1629748727
1159417075
943239974
1392783743
240251661
983753977
137869475
1354860540
1722989659
1149938334
284277889
906164396
1351531223
913224047
2144181937
1699226064
1970753705
613628803
1137651678
599707677
1059257080
1128466620
1840109255
1715412119
1554762903
941975480
594130308
2119634399
390452952
202363285
470939445
656448479
687117441
1813163240
272849424
1652563013
1639042338
2010258946
1079815404
49310608
491995979
1146005448
1461042543
479112937
1260573448
1867302554
679282378
1948728483
13938521
1131247330
767303988
457031004
1281810600
854316681
656439677
1605947756
693847829
2456273
1392239675
2098545541
83651970
480468219
1558990517
1320763135
1028439863
248786714
1034535593
338258951
367878761
2087313121
297265480
540137296
551437149
2041322270
709214891
1138409539
1817363615
909666337
863937247
1338811290
1713658874
1603828849
1881625505
1939118223
519709079
1064746525
965067727
274989148
1452066459
90341465
988335251
945826486
30884438
304912982
252860896
983297492
289482182
134917627
1419179580
304330003
1022222125
1196050747
2084839399
920140090
568275055
2030106617
1043665192
2031403296
1748309234
817804383
405126228
416314667
1851350739
1521696479
1819256337
1765670844
2005855667
232663462
422701550
260329455
1729245242
1457293575
469306919
1067970820
822873088
816941039
1926780541
602078388
1811967841
788075126
1196342297
1986972437
1072910527
323775634
1903232052
420514789
217275224
63384488
400560567
1015242176
714300770
1745535098
2085812759
2067418686
918037633
1722454917
251837136
707111048
1627677155
9257255
1676848676
1139038460
1954246074
1225136114
1816803306
2090237817
664847319
815605132
1274350418
935018220
251183830
261810763
1346922426
245522987
215359682
2047791082
676168421
244295904
344076115
798112150
294296873
291889680
1010193046
1734202799
514909066
1057486868
170689150
352116052
1800557283
1358798143
1119980130
877286584
1349409434
1025148381
1140805649
1699887270
562117925
1288477634
1963764597
1357970698
311570307
40009587
1968321319
429416213
314652384
915490795
1139027119
568896616
1498981529
295456419
1049193572
1587106770
1224011538
677517496
1881988384
1299301222
33599984
1285821930
444900634
576775951
1135872495
495762348
459716009
667643690
1169726681
1210133979
904647469
1472659626
874443787
1133802214
2098228320
1078557553
218179599
396418889
1819244083
1188332531
189351213
15228622
1432614422
561866144
1125089309
693989311
1897669065
1836901321
41531046
480494664
323169889
640183291
154739678
1585770584
636057975
1845919895
547374338
179653598
1323959527
1566166314
171347175
1536778950
902271852
1071722055
441495235
1519038154
1745377599
663801533
1016779084
697939765
760434128
1770791023
106456634
770348179
1426725702
1768294570
1065870178
1145921803
683749521
464267175
1643004186
166320906
2021598245
955345537
857158768
1976987348
1501771491
1310784794
977515194
957449367
101637979
829486135
1711398352
1409874348
1196591018
298159856
1198832728
1508161137
1716605598
1422277848
118543408
495389030
1121910732
766942939
1140169349
164313410
465585404
1866437132
1484714820
1347233823
1874297457
496694873
1654401763
816382125
1094024844
190638698
1872852789
7263971
846259450
1564319318
1852408227
300535210
1418198351
1348257414
535261654
1289874320
1328367510
1754034197
1400944900
1728296502
1269829408
546696950
823946934
1805803262
1628416575
747441732
1292569882
1744079573
1743499
1305132983
1232285036
902727745
1846355528
1384049914
1997109065
1897456484
1899061865
917840538
2032319170
728818981
364194056
1218853328
1439622619
401094954
1008752943
1333241445
964824319
855256552
632880459
104906255
198486416
1051590706
2040695043
312794864
1955997540
1780010572
835092972
1649174966
2123333781
1716495971
1047905204
633814084
23814791
457788949
1825989011
939915527
755427535
1995226582
215686308
1070298438
521231222
1960488639
572687073
1995627518
1362784338
1900838388
1832837596
1915184358
683577992
2038711176
1933034905
1113219231
1061886576
1191043170
2081328344
1027553177
1179387055
1889238423
332788471
1227193073
1007142260
1167007513
1442454200
1373142116
346078411
594312071
647812758
993260504
1645124051
656293602
918920620
275860817
1781844052
1750625978
1421124738
2001129658
1785736751
267429212
888346940
1804502687
1672790155
83889094
1633724084
2048612358
25323460
1510792572
1282531582
1674979897
1799682701
947206476
2096929657
942408767
1172248246
1871901278
2085816511
124660666
1670128972
1443665390
1736526879
708861714
2007425404
548157187
115820025
1692304102
116402431
360551585
1840877826
582824840
1982979741
780520225
215970859
1117362852
1628238707
1405969000
909074012
1952918745
1403792057
1449553823
1628334692
1195103064
1810607153
1083497965
351784589
2019952485
83250566
223705953
1503068227
963026855
294713656
172907376
133272825
1062073697
856247605
87531510
654477195
1024542722
542114964
2033929266
491298929
936150587
1997305752
1100558303
1584392711
720648887
491914923
703368777
1335901990
464280597
110287971
1339846171
1611931113
1703617827
851819913
326402374
1043030161
437662764
1295287749
519927529
176390590
1491228808
1839869544
1591589823
296166921
1465576748
54340558
1804138557
2105400301
453285987
1861968817
1555585773
1974565461
657091982
1870403050
756502473
1159995046
2076605983
1996617659
1870778191
1152750071
1384287616
1054393708
372214308
1197987692
1936179853
1047385483
1995907669
1627746667
1444812497
123265537
2123030247
1395925222
780996231
2094011037
911047815
1523961606
1109615163
1461744198
1201124041
1186564497
43598698
820581106
367704871
1036616336
1745595491
2098425880
1032183433
2044804330
2108061573
1924895021
74059253
399661102
1263732197
951749308
1736889606
1044987715
1315144891
1584930775
2032638323
1476426754
1827524957
1420737819
1511014697
1948821078
1163577186
1316935719
1079770569
990153355
518213060
827143233
1355268102
513483708
795212538
822662216
929364954
2079617090
1187556862
1215470157
431756350
833728665
1272368870
977032766
1549972386
770695571
1298229437
60766757
543669676
1178158203
195488441
234187462
1254717325
542366274
2108307952
440610570
52679490
1221228113
2016044512
2056061866
1891799103
1463320861
791835934
220661337
1084386400
2051831252
490000526
280647907
1721025347
2112035409
318180503
230249217
651662547
640798731
1304963614
365849190
1065972034
508745584
1787453807
969318858
1633711193
1934944879
1901472238
1277121963
1841810119
1311598149
258687184
426204934
892442253
906346324
1136646449
348697524
674555072
1030213097
746523513
322401182
672302490
11492154
1754569613
1934898666
2018258729
1250949136
140187131
994182853
1237401063
1214266162
1950049698
305714736
1002547591
1136253459
849627058
1825957977
492960451
965549222
639904576
1140882778
610900200
306702926
256143439
712632936
1321182659
1239573053
1886149718
534094883
2013042435
1306061701
1728760924
1169288485
2120834317
1880160025
345495128
171200764
1855548990
1384360647
1075321966
111088881
392245997
983222878
89101055
1157541038
172793727
752438459
2020785643
1899360801
1194673401
779489931
1872111746
2111946238
391883149
2018679284
1494481363
1753841726
1431548670
1378934717
449253056
690737494
1416495962
1768002206
2128023255
1237886015
1719929315
157612991
1953462417
378213925
1350840898
1084044802
1388450337
497879474
1735918651
4943787
1984173309
1774884818
232804774
805660882
1553830525
2141011556
1898551433
221670908
874275988
1146997816
562697526
1237075775
1881694278
2081821325
521521078
123993296
1027774780
680229045
1334661688
58731376
1752306681
400330495
965081954
487311805
1981903597
504513251
661300942
2140506492
1253535854
1174350979
1784517419
2072319898
2028168523
1046816259
1961882949
621232513
1647489402
818665301
586298866
299832023
1186473561
1782164134
1459753033
1147497835
11017705
1214784185
1282287615
2102989254
638212450
1917906456
2080230418
1482296058
1427818730
1620104855
1955690228
1382023198
810255760
1025662000
1644847276
1003143045
1764265618
187463722
1366556920
2031417512
1637375316
1658195603
653287375
2127420335
158998032
542223599
1425906387
431062656
1891100776
428258482
1962491159
65917432
619142798
1760844750
662976399
321384892
2016446768
1138264176
1454109425
1707177877
344951668
1411178445
1632127923
1360049298
2095718469
154185462
293864877
1008330525
1234283419
977046129
388176285
1863893256
422809996
431675310
1905584866
714531298
1286196999
124327519
197529702
1393178591
241030242
1260005019
1539588337
1609930218
1849785671
625217504
1048819999
1769748771
773338452
730074215
751917162
339166473
1643015259
1034356087
2137464556
614685938
997241761
1980623803
1090824373
1973840257
1096619850
40361651
1998247509
1235368585
678500147
317234448
1897214963
1484193033
1284857706
1822393017
1074163698
1962094851
1297602688
855630484
1652244897
2075362821
458072318
1018790736
1637947177
1541717841
1270762239
1268006448
94229853
1699972733
1178884276
34780500
210643427
2133427445
1229194523
988350974
1513206988
940617318
816610683
1076433900
587462342
417315900
169318686
1326856608
1893321208
143299564
1567067057
564409423
387119894
1267489756
1403247962
1784572192
754368373
862407093
567622001
1571346130
1170496062
706712922
1103678092
2069520666
1267622868
1454770940
494650131
2011467975
323408297
604546780
969007714
1706869362
1570991899
387847884
1694684834
59780189
1135840948
530809576
1953291127
1583063357
1125974687
1636492037
1595467139
465342967
1004257438
2024977737
107480046
1408776235
950764876
271515109
1994013856
1297896903
1753617371
501119337
600337712
194763060
159824875
1307235909
2115806625
498733671
417436465
1008458444
582672654
1669221121
1948385094
1593482331
1800135697
663670797
1781915481
425294682
2101729519
1752844368
1201474778
140515379
1591414076
933166190
1904315855
1909954149
1014096062
1557724698
426724858
1577691630
1540492440
260060661
1709996749
1184901787
815221547
524671997
1952996248
